# Sudoku puzzles. Use 0 for blanks. Each puzzle is 9 lines; puzzles separated by a blank line.
004601589
100000200
006700000
547016008
063894150
891003062
675930040
002007600
400060720

800026001
069003200
040108009
001400706
620010030
980030002
010060020
402800610
030090080

806010000
003064090
900000816
080396000
702040309
000572080
521000004
030750200
000020105

380900205
000008730
060300980
000003501
910507023
703100000
035001090
074600000
801002067

080072000
000380260
029000308
010000600
050208014
007010890
000893157
000100000
501700000

000031096
130760000
506000001
400910050
061402008
000070004
913845000
050000840
040000000

031400000
008000030
000008907
490100805
006509070
000000100
304017090
060090500
800200000